# COLMAJOR    = 0
# T_MIN       = 5
#RUN    M     N  INCROW  INCCOL    GEMV_MKL    GEMV_ULM    GEMV_MAT    GEMV_MKL    GEMV_ULM    GEMV_MAT       DIFF2
#                                  (t in s)    (t in s)    (t in s)    (MFLOPS)    (MFLOPS)    (MFLOPS)           
  0  1000  1000    1000       1      0.0004      0.0009      0.0009  5684.2315   2321.3573   2240.3194      0.0000 
  1  1100  1100    1100       1      0.0005      0.0010      0.0011  5103.2960   2307.4531   2285.9320      0.0000 
  2  1200  1200    1200       1      0.0006      0.0012      0.0013  4910.4000   2304.5760   2256.1920      0.0000 
  3  1300  1300    1300       1      0.0007      0.0015      0.0015  4734.6986   2301.2335   2290.9640      0.0000 
  4  1400  1400    1400       1      0.0009      0.0017      0.0017  4321.4080   2309.6640   2242.2400      0.0000 
  5  1500  1500    1500       1      0.0010      0.0019      0.0020  4387.7246   2317.3653   2294.1000      0.0000 
  6  1600  1600    1600       1      0.0012      0.0022      0.0023  4320.2560   2320.3840   2272.2560      0.0000 
  7  1700  1700    1700       1      0.0013      0.0025      0.0025  4324.5960   2329.3054   2313.1560      0.0000 
  8  1800  1800    1800       1      0.0015      0.0028      0.0029  4388.2560   2334.0960   2262.8160      0.0000 
  9  1900  1900    1900       1      0.0017      0.0031      0.0031  4366.5868   2342.1680   2308.9560      0.0000 
 10  2000  2000    2000       1      0.0018      0.0034      0.0035  4363.2000   2331.2000   2273.8523      0.0000 
 11  2100  2100    2100       1      0.0020      0.0038      0.0038  4351.7880   2343.1976   2309.7485      0.0000 
 12  2200  2200    2200       1      0.0022      0.0042      0.0043  4408.2720   2330.9440   2270.2595      0.0000 
 13  2300  2300    2300       1      0.0024      0.0045      0.0046  4447.8320   2340.2960   2312.3952      0.0000 
 14  2400  2400    2400       1      0.0026      0.0050      0.0051  4401.0539   2324.7360   2271.7440      0.0000 
 15  2500  2500    2500       1      0.0028      0.0054      0.0054  4411.1776   2335.0000   2310.0000      0.0000 
 16  2600  2600    2600       1      0.0030      0.0058      0.0059  4450.7840   2334.2914   2274.0640      0.0000 
 17  2700  2700    2700       1      0.0033      0.0062      0.0063  4417.6527   2335.7160   2313.5928      0.0000 
 18  2800  2800    2800       1      0.0035      0.0067      0.0069  4453.1200   2336.3200   2286.1440      0.0000 
 19  2900  2900    2900       1      0.0038      0.0072      0.0073  4423.6600   2334.6160   2314.4320      0.0000 
 20  3000  3000    3000       1      0.0041      0.0077      0.0079  4420.8000   2329.2000   2275.2000      0.0000 
 21  3100  3100    3100       1      0.0044      0.0082      0.0083  4397.5360   2333.3080   2310.2440      0.0000 
 22  3200  3200    3200       1      0.0046      0.0088      0.0089  4427.7760   2334.7200   2289.6640      0.0000 
 23  3300  3300    3300       1      0.0049      0.0093      0.0094  4456.1880   2339.1720   2313.0360      0.0000 
 24  3400  3400    3400       1      0.0052      0.0099      0.0102  4439.4092   2330.4960   2275.0080      0.0000 
 25  3500  3500    3500       1      0.0055      0.0105      0.0106  4459.8802   2332.4000   2317.9641      0.0000 
 26  3600  3600    3600       1      0.0059      0.0111      0.0113  4401.2160   2332.8000   2286.1440      0.0000 
 27  3700  3700    3700       1      0.0062      0.0117      0.0118  4446.5120   2332.7760   2316.3480      0.0000 
 28  3800  3800    3800       1      0.0065      0.0124      0.0127  4476.4000   2333.5040   2275.7440      0.0000 
 29  3900  3900    3900       1      0.0068      0.0130      0.0131  4465.6560   2336.2560   2318.0040      0.0000 
 30  4000  4000    4000       1      0.0072      0.0137      0.0140  4448.0000   2336.0000   2278.4000      0.0000 
 31  4100  4100    4100       1      0.0080      0.0144      0.0144  4215.9480   2339.9520   2328.5709      0.0000 
 32  4200  4200    4200       1      0.0079      0.0151      0.0154  4466.4480   2335.5360   2284.0637      0.0000 
 33  4300  4300    4300       1      0.0083      0.0158      0.0160  4481.9760   2337.1360   2314.9480      0.0000 
 34  4400  4400    4400       1      0.0086      0.0166      0.0169  4483.7760   2338.6880   2284.4800      0.0000 
 35  4500  4500    4500       1      0.0091      0.0173      0.0175  4455.0000   2336.2275   2316.6000      0.0000 
 36  4600  4600    4600       1      0.0097      0.0181      0.0186  4350.2595   2344.5280   2276.8160      0.0000 
 37  4700  4700    4700       1      0.0098      0.0189      0.0191  4497.5240   2336.8663   2315.0320      0.0000 
 38  4800  4800    4800       1      0.0103      0.0198      0.0201  4469.7600   2331.6480   2294.7840      0.0000 
 39  4900  4900    4900       1      0.0108      0.0205      0.0207  4465.8600   2343.3760   2314.5640      0.0000 
 40  5000  5000    5000       1      0.0113      0.0214      0.0220  4440.0000   2335.3293   2275.4491      0.0000 
 41  5100  5100    5100       1      0.0118      0.0222      0.0225  4423.2575   2341.9363   2315.4611      0.0000 
 42  5200  5200    5200       1      0.0122      0.0231      0.0237  4434.5600   2336.2560   2283.8566      0.0000 
 43  5300  5300    5300       1      0.0127      0.0240      0.0243  4440.5749   2337.0880   2314.6160      0.0000 
 44  5400  5400    5400       1      0.0129      0.0249      0.0255  4513.9680   2339.7844   2286.1440      0.0000 
 45  5500  5500    5500       1      0.0137      0.0259      0.0261  4428.6000   2335.3000   2318.5629      0.0000 
 46  5600  5600    5600       1      0.0142      0.0268      0.0275  4415.4880   2336.3825   2283.0080      0.0000 
 47  5700  5700    5700       1      0.0146      0.0278      0.0280  4435.7605   2339.2800   2317.0159      0.0000 
 48  5800  5800    5800       1      0.0153      0.0287      0.0295  4391.3293   2341.3440   2278.4064      0.0000 
 49  5900  5900    5900       1      0.0158      0.0298      0.0300  4399.9840   2339.2320   2320.6667      0.0000 
 50  6000  6000    6000       1      0.0166      0.0307      0.0314  4348.8000   2342.5150   2289.6000      0.0000 
 51  6100  6100    6100       1      0.0169      0.0318      0.0321  4411.7245   2337.6461   2317.2695      0.0000 
 52  6200  6200    6200       1      0.0177      0.0328      0.0337  4342.7226   2343.1554   2281.8964      0.0000 
 53  6300  6300    6300       1      0.0184      0.0340      0.0342  4318.2720   2335.6342   2317.8960      0.0000 
 54  6400  6400    6400       1      0.0190      0.0352      0.0359  4308.9920   2328.9384   2284.6215      0.0000 
 55  6500  6500    6500       1      0.0196      0.0361      0.0364  4300.8982   2339.7410   2318.2903      0.0000 
 56  6600  6600    6600       1      0.0202      0.0373      0.0382  4312.5269   2338.2107   2282.5440      0.0000 
 57  6700  6700    6700       1      0.0205      0.0384      0.0388  4372.5190   2338.2068   2316.3240      0.0000 
 58  6800  6800    6800       1      0.0218      0.0395      0.0405  4235.5840   2339.6335   2284.3665      0.0000 
 59  6900  6900    6900       1      0.0222      0.0407      0.0411  4284.9000   2342.4120   2318.7305      0.0000 
 60  7000  7000    7000       1      0.0231      0.0418      0.0430  4233.6000   2342.6295   2279.5229      0.0000 
 61  7100  7100    7100       1      0.0239      0.0431      0.0435  4225.9880   2339.0240   2318.8600      0.0000 
 62  7200  7200    7200       1      0.0244      0.0443      0.0454  4254.5976   2338.4910   2283.4286      0.0000 
 63  7300  7300    7300       1      0.0254      0.0456      0.0460  4190.8703   2335.4183   2318.8064      0.0000 
 64  7400  7400    7400       1      0.0260      0.0468      0.0480  4219.0339   2342.2099   2281.6667      0.0000 
 65  7500  7500    7500       1      0.0269      0.0481      0.0485  4185.0000   2340.0000   2317.5000      0.0000 
 66  7600  7600    7600       1      0.0278      0.0494      0.0505  4158.7200   2337.9048   2287.2960      0.0000 
 67  7700  7700    7700       1      0.0281      0.0507      0.0512  4213.0220   2338.5299   2314.9084      0.0000 
 68  7800  7800    7800       1      0.0292      0.0521      0.0533  4161.4560   2337.2198   2283.0180      0.0000 
 69  7900  7900    7900       1      0.0301      0.0533      0.0540  4144.0240   2341.9321   2312.4024      0.0000 
 70  8000  8000    8000       1      0.0308      0.0548      0.0559  4156.1753   2336.5079   2290.2585      0.0000 
 71  8100  8100    8100       1      0.0317      0.0561      0.0566  4138.2754   2338.5743   2317.1786      0.0000 
 72  8200  8200    8200       1      0.0342      0.0575      0.0591  3930.1312   2339.9520   2277.0518      0.0000 
 73  8300  8300    8300       1      0.0335      0.0589      0.0595  4116.9323   2337.5848   2314.7040      0.0000 
 74  8400  8400    8400       1      0.0342      0.0604      0.0617  4120.7040   2337.9162   2286.1440      0.0000 
 75  8500  8500    8500       1      0.0349      0.0617      0.0623  4136.7793   2340.9000   2317.7228      0.0000 
 76  8600  8600    8600       1      0.0357      0.0633      0.0649  4146.4652   2337.1360   2280.1897      0.0000 
 77  8700  8700    8700       1      0.0375      0.0649      0.0656  4040.8207   2331.2520   2308.1703      0.0000 
 78  8800  8800    8800       1      0.0374      0.0663      0.0678  4142.4990   2335.4921   2283.0916      0.0000 
 79  8900  8900    8900       1      0.0386      0.0678      0.0684  4102.5100   2335.2749   2316.8142      0.0000 
 80  9000  9000    9000       1      0.0392      0.0693      0.0710  4130.6773   2337.1541   2282.1429      0.0000 
 81  9100  9100    9100       1      0.0406      0.0708      0.0714  4074.7778   2337.7773   2318.6800      0.0000 
 82  9200  9200    9200       1      0.0410      0.0724      0.0740  4130.4320   2337.1992   2288.4771      0.0000 
 83  9300  9300    9300       1      0.0419      0.0738      0.0748  4126.7594   2343.1554   2313.3054      0.0000 
 84  9400  9400    9400       1      0.0430      0.0755      0.0775  4110.5845   2339.9684   2279.1270      0.0000 
 85  9500  9500    9500       1      0.0438      0.0771      0.0780  4118.5516   2341.8164   2314.1026      0.0000 
 86  9600  9600    9600       1      0.0450      0.0791      0.0806  4091.9040   2331.3202   2285.5680      0.0000 
 87  9700  9700    9700       1      0.0450      0.0805      0.0813  4177.5960   2338.3314   2314.9127      0.0000 
 88  9800  9800    9800       1      0.0469      0.0821      0.0842  4094.1355   2338.6986   2282.1386      0.0000 
 89  9900  9900    9900       1      0.0479      0.0838      0.0847  4091.8688   2338.2107   2313.0360      0.0000 
 90 10000 10000   10000       1      0.0487      0.0856      0.0872  4103.5857   2336.6337   2292.4901      0.0000 
